v<-c(13, 15, 16, 16, 19, 20, 20, 21, 22, 22, 25, 25, 25, 25, 30, 33, 33, 35, 35, 35, 35, 36, 40, 45, 46, 52, 70)
m1=27/2
m1
a<-c(13, 15, 16, 16, 19, 20, 20, 21, 22, 22, 25, 25, 25)
Q1=13/2
Q1
b<-c(30, 33, 33, 35, 35, 35, 35, 36, 40, 45, 46, 52, 70)
Q3=13/2
Q3
